u_pl
13467,5216
www.terraclicks.com/
1024
2051238656
30482089
1422101076
30481888
*
uid_id
9639fb50-9bbe-44da-c4a1-606097297119
www.terraclicks.com/
1024
4205859840
30551335
1464345874
30478916
*
iplt_1
128281,13467,1446121288|55113,14461,1446121589|139112,13467,1447397620|55113,5216,1447397742|133793,5216,1447397848|9267,5216,1447398029|80,5216,1447398180|127398,5216,1447400715|
www.terraclicks.com/
1024
877262720
30487930
1089176200
30481895
*
unc
6
www.terraclicks.com/
1024
2226708736
30626734
1089095957
30481895
*
