uid_id
ef32e011-0769-428f-c287-dafce0947a16
www.terraclicks.com/
17408
805228544
30560336
2553854205
30487916
*
unc
9
www.terraclicks.com/
17408
3820777600
30646275
2713982010
30501436
*
u_pl
55130,65190,6522
www.terraclicks.com/
17408
3250536448
30501637
2668078044
30501436
*
iplt_1
55113,5216,1449986848|55113,4073,1451925076|194178,53410,1454250812|214266,55130,1455793374|214267,55130,1455793469|213750,65190,1455793530|213749,65190,1455793655|128045,6522,1455793664|182407,6522,1455793669|
www.terraclicks.com/
17408
2461331584
30507471
2714137995
30501436
*
iprcb7da19aea8f56a92d626e5dc4d40324c
214266
www.terraclicks.com/
17408
1343995648
30501437
4061503278
30501435
*
iprcd21e7d4463d6a9dcd077c5dff836d47e
214267
www.terraclicks.com/
17408
2293995648
30501437
715154433
30501436
*
iprc36f9b37c415f8927f3bec9ef0bdb0dcf
213750
www.terraclicks.com/
17408
2903995648
30501437
1323197405
30501436
*
iprc3483770aa25fdf62cf4593ac8b6aff8a
213749
www.terraclicks.com/
17408
4153995648
30501437
2572408180
30501436
*
iprc47a28733ebbc1b27486bdf41f3a6c6df
128045
www.terraclicks.com/
17408
4243995648
30501437
2668078044
30501436
*
iprc1003863d455b3df3ec80719446dbe844
182407
www.terraclicks.com/
17408
4293995648
30501437
2713982010
30501436
*
