uid_id
bae0b6bd-73af-44c9-c487-9912a3d5ea28
www.clickmngr.com/
2147501056
1269913856
30570264
2851752492
30497844
*
unc
10
www.clickmngr.com/
2147501056
3400777600
30646275
2297447907
30501436
*
u_pl
55128,50104,11471,65189
www.clickmngr.com/
2147501056
2870536448
30501637
2290261713
30501436
*
iplt_1
159018,34969,1454250938|203581,55128,1455793358|201157,50104,1455793363|201129,11471,1455793387|179879,55128,1455793420|201444,55128,1455793436|167819,55128,1455793478|210487,55128,1455793485|201447,55128,1455793494|201130,11471,1455793627|
www.clickmngr.com/
2147501056
2041331584
30507471
2297669192
30501436
*
iprcbd2d47a3e7aeb67f1c34d778f16087eb
203581
www.clickmngr.com/
2147501056
1183995648
30501437
3901101931
30501435
*
iprc8371a5d7ac79119491971f3186ca450a
201157
www.clickmngr.com/
2147501056
1233995648
30501437
3948224218
30501435
*
iprcf8ae2ea52adab7f3cc6a8ff9f6e543e5
201129
www.clickmngr.com/
2147501056
1463995648
30501437
4187408978
30501435
*
iprc7e9532bef11929ebf61154331d79830e
207390
www.clickmngr.com/
2147501056
1473995648
30501437
4189948520
30501435
*
iprc7576f7b5eed5e5bcba80a78e1c93597c
201129
www.clickmngr.com/
2147501056
1473995648
30501437
4191730378
30501435
*
iprc1547797b9f8011903bd4c928b82cc474
179879
www.clickmngr.com/
2147501056
1803995648
30501437
227600956
30501436
*
iprce72d8be2cfdc56b197477ad89f2988f8
201130
www.clickmngr.com/
2147501056
3853995648
30501437
2279376946
30501436
*
iprc18217810faa25f1c0a67cf502c33ea2a
207391
www.clickmngr.com/
2147501056
3863995648
30501437
2290261713
30501436
*
iprca358cb86d2bdf4269384d4fe20fb1d06
201130
www.clickmngr.com/
2147501056
3873995648
30501437
2297609336
30501436
*
