uid_id
47295ee7-a0b8-44cb-c4da-db4d9e615ddb
www.clickterra.net/
2147501056
2995228544
30560336
442260025
30487917
*
unc
27
www.clickterra.net/
2147501056
3178684928
30632757
2162249691
30487918
*
u_pl
13226,13448,13225,13227
www.clickterra.net/
2147501056
2313411072
30488118
1817305780
30487917
*
iplt_1
159070,13226,1449987136|158985,13225,1449987136|167527,13225,1449987181|159071,13226,1449987180|163093,13448,1449987193|158963,13225,1449987195|159076,13226,1449987197|167560,13227,1449987204|158938,13225,1449987206|159046,13226,1449987211|159068,13226,1449987254|159073,13226,1449987516|167534,13225,1449987531|159102,13226,1449987532|158989,13225,1449987591|158990,13225,1449987624|158958,13225,1449987668|
www.clickterra.net/
2147501056
1819238912
30493953
2162249691
30487918
*
