uid_id
f32d50f4-722c-48f3-c875-0ffd9ccdd3d9
www.newpoptab.com/
17408
363304832
30564558
2210501201
30492138
*
unc
7
www.newpoptab.com/
17408
203304832
30642683
3313104732
30497843
*
u_pl
17916
www.newpoptab.com/
17408
3888030976
30498044
3220072739
30497843
*
iplt_1
157816,16932,1451800139|128045,16932,1451925184|158745,16932,1451803468|177475,16932,1451804101|198227,17916,1454250546|182530,17916,1454250555|
www.newpoptab.com/
17408
3138826112
30503878
3313260668
30497843
*
iprcd1822c34d6ee5e82372a5248c4cbfe74
198227
www.newpoptab.com/
17408
586522880
30497845
3220072739
30497843
*
iprcaabc171f27ae46b6088763b664df71fd
182530
www.newpoptab.com/
17408
676522880
30497845
3313104732
30497843
*
